[imageB.jpg]
filters=finetune2=1,0.695906,0.000000,0.000000,00000000,0.000000;tilt=1,-0.328090,0.000000;
moddate=3161a87d9149d201
width=480
height=640
textactive=0
